4136
3692
2852
2544
7955
2698
9013
3084
5804
2802
7154
5793
9538
7273
6378
2778
3039
2036
8001
8903
1663
9504
1605
7694
2302
8166
4592
2786
2590
1042
9683
8781
5995
5379
3736
3840
961
8987
271
7082
4301
7711
1088
4476
8717
4815
1260
8964
3480
9147
7237
7861
3486
5008
5754
2171
7997
8168
150
9349
2598
4697
3881
1364
8663
157
1719
77
3250
9866
3766
308
4591
5852
9874
5500
1999
593
5069
2003
795
1310
5790
3087
5411
6516
800
3201
8472
8862
8835
559
2316
8144
7746
3283
5518
3384
840
2234
4514
5482
5603
353
6395
1573
2699
2530
9818
3463
5767
4505
3149
3472
6063
101
2663
4934
5403
9095
8249
8452
9748
4034
5661
3515
6151
8253
3401
4303
5131
7445
5362
3456
8909
7109
986
1587
3959
2878
4604
309
4220
3265
4557
3837
4749
7267
615
6753
7141
6490
3727
6343
1532
703
1308
2335
1888
8858
6529
3877
9567
4991
5454
9005
5132
1023
729
184
4164
3191
4842
6945
7561
6470
9494
1895
9156
8459
2172
4593
5575
3869
6381
1845
9854
6814
9591
2152
6926
6183
8900
7665
4774
4875
7251
596
5105
7134
5459
3362
6282
3384
2967
2744
7323
6640
415
4749
1364
4429
4396
2416
1268
3225
4228
5992
2351
7293
527
7956
7952
298
7458
7316
9008
2732
9810
8053
2893
7574
6953
4061
4013
2815
8770
472
3883
6139
8487
5234
5015
9348
3501
6966
1193
4240
2263
6605
6684
3553
4745
7279
3245
9202
8976
4873
6069
4619
6256
4391
5402
5971
8893
6659
8016
2780
1672
6741
4829
4115
2267
7624
5186
1482
8251
1103
9686
2485
3932
4399
6120
2596
3059
716
2857
5224
1039
5608
7130
4495
127
5799
9681
7628
2562
9143
6914
7322
981
8568
3968
5265
5772
1706
8777
9680
4626
9611
1437
8761
5845
3738
6524
2190
5994
132
4470
5750
8686
6402
9967
810
4180
6396
764
3337
5222
9855
5013
1727
7773
189
754
2623
5044
4512
4837
5073
1052
1117
9176
2515
5196
1088
8781
7373
2139
8475
1451
9128
2497
1887
2108
7917
85
6694
4980
322
7539
689
9778
7873
4759
4719
4701
1390
9098
7605
8446
273
3584
8064
7049
365
1050
7366
5252
6499
3640
3652
4099
2394
757
6821
7469
9233
9759
9926
3088
5010
2721
8575
486
7456
2279
6400
3857
7212
2008
3981
9427
5759
9335
2963
389
5376
7113
4711
5880
5910
336
1339
1347
5686
4300
5677
7522
4666
8141
999
7989
4976
2977
9477
5721
8514
831
9285
5450
296
6405
8226
6188
2280
1272
5672
3640
8996
6255
7263
7489
3870
3580
2315
9317
2945
9028
2980
5646
4829
4246
190
6196
9498
7880
861
7457
7604
3
7388
8941
9287
2675
4334
4162
4664
2695
5048
1954
2340
787
8036
6977
751
7752
5296
3081
3552
1787
1315
8229
2266
673
4666
7222
8771
6758
9464
5739
9262
8417
7640
5516
5488
6579
8159
4665
945
493
161
6907
7600
5093
7226
4866
1753
3689
2433
9875
2185
2468
8354
9451
3012
4029
9455
4438
5208
3041
9162
1035
6799
4118
3784
2738
6677
4104
9399
8496
6734
2752
717
7776
1314
5115
1648
7817
3987
3776
7401
1482
5191
8920
851
6172
1408
9749
4703
5787
326
343
9773
3028
3302
4925
3742
8064
7132
7315
1846
5416
8984
2676
1900
2940
5130
910
9501
8113
9774
9763
6589
9710
9512
8917
6572
3026
7962
1316
933
2681
5715
1513
5881
8634
4507
4042
5806
8196
5413
5740
1280
1707
6901
3614
4994
1174
4736
8161
849
4096
8673
8553
663
6249
3169
3410
3806
4014
9063
4044
3913
5507
9581
2070
889
2074
9015
1612
5826
1424
2893
6283
9741
4524
4891
1375
6391
1873
1922
4739
1672
9207
4875
8455
7827
8881
2220
6691
5243
599
4973
4348
9033
7473
8573
6684
7667
710
56
520
7628
3465
4325
2128
9285
2701
8448
2318
3649
6993
452
1074
3375
721
9862
9174
27
6147
3866
1565
8820
5495
6230
5932
8397
4411
4145
6774
9846
1313
7669
8464
6111
3495
2980
7541
2683
3589
1495
9043
3157
8614
3981
2079
3955
162
3840
2076
7998
3729
1334
8076
2674
665
8839
1889
2419
3950
5712
4010
1788
7627
6297
7799
5839
5921
4183
4746
4936
6744
5046
4131
2176
2615
6655
530
1794
5699
474
6083
25
7644
3512
2342
805
5141
9645
1778
8732
2154
5074
1622
8879
1211
8438
6790
8474
702
5599
1175
6044
6515
9082
3920
1034
8872
3959
9297
2135
8909
1823
9118
3868
5329
7465
9892
1218
2732
6656
6176
2570
6811
1782
9153
115
5738
2097
8290
623
4910
3598
8018
8621
2717
3784
4005
3463
149
5699
6614
7638
6054
4275
1050
6663
5834
8768
5313
3943
1844
1673
8435
248
3349
8449
4599
9380
9280
9799
6225
6330
2617
6292
4467
296
8209
1710
7138
1910
6588
9474
4965
2578
3482
4748
6770
504
4020
1254
2671
1193
4990
9431
3681
6497
6686
663
9411
2736
3560
6105
2688
6711
6572
3114
2740
4189
8029
5493
4123
4431
9078
1536
7034
1179
1460
7810
5808
6466
7697
1253
555
4920
8168
1984
522
2332
547
8581
6701
4526
3305
7300
4631
7590
3914
5417
4402
9790
7473
7812
7518
1861
4618
5562
9731
172
3950
7455
7822
453
3473
2959
2060
8961
8413
4307
9427
6490
5540
5688
2527
4351
2495
3230
3450
5115
8003
2568
130
3981
6113
4535
9989
1363
2950
8350
4526
4035
2368
5481
9778
3594
2410
5992
5950
1423
3709
4797
371
7443
9155
8732
5921
7867
3461
1078
1262
783
3753
6280
8448
9523
4438
9759
6285
1321
8904
4619
746
3642
5860
489
3778
833
8572
4634
572
5137
4294
2446
4231
9730
81
4809
8511
4602
6019
7091
8012
7865
9427
5514
5206
1595
7224
1293
7976
8687
4831
8196
2995
489
4127
9252
6589
6046
7070
523
7346
488
3616
3635
6514
6598
2898
6047